episode,reward,steps
0,-15.936214,36
1,5.216491,34
2,-21.530418,38
3,-1.409144,43
4,-16.989843,27
5,-17.461606,42
6,4.832101,11
7,-63.672866,222
8,-13.320758,28
9,-33.656329,56
10,-367.833179,1000
11,-30.942826,85
12,-31.176425,96
13,-21.678315,141
14,-15.540394,56
15,-36.507069,45
16,14.143515,105
17,-25.968521,25
18,-12.662025,52
19,-62.551408,70
20,7.182615,19
21,-39.427397,53
22,-5.233293,54
23,1.125139,112
24,-21.445991,56
25,4.689016,31
26,0.152136,17
27,-18.988765,87
28,-8.023016,18
29,5.034579,45
30,-88.61605,299
31,-355.780343,1000
32,-46.599146,107
33,-3.629377,17
34,7.419575,33
35,-34.621777,65
36,-20.30598,84
37,-75.188916,218
38,-288.011252,1000
39,-5.734311,89
40,-20.003937,31
41,4.932141,183
42,-2.953861,39
43,-54.990257,112
44,-44.675718,83
45,4.869962,71
46,-24.605807,70
47,6.988772,32
48,-22.265994,57
49,5.245448,46
50,-7.576793,20
51,-17.789452,138
52,-42.742332,90
53,-64.305615,108
54,-0.30455,20
55,-85.679762,113
56,-411.740117,1000
57,-10.900318,54
58,10.629877,36
59,-50.424619,94
60,-57.705646,141
61,-61.881885,165
62,-14.989611,17
63,-24.184543,33
64,-45.03388,65
65,-90.674759,128
66,-49.882825,68
67,3.231965,15
68,30.974229,68
69,-388.510863,1000
70,-26.072971,52
71,-28.027753,70
72,-55.833885,123
73,-109.202813,186
74,-50.897166,121
75,-8.084604,29
76,-52.201012,103
77,-19.570414,42
78,-17.962912,114
79,-121.189552,167
80,-11.399968,24
81,-17.257263,59
82,-444.463316,1000
83,-39.377674,67
84,-51.287886,50
85,-22.479584,35
86,-47.13011,112
87,-33.609734,50
88,-22.713436,102
89,-17.362558,44
90,-25.399128,54
91,11.88142,62
92,-8.319984,18
93,-491.998757,1000
94,-37.782626,67
95,-453.985972,1000
96,-42.2895,50
97,-4.661585,14
98,-100.993118,221
99,-6.318981,67
100,-79.217607,70
101,-2.736555,96
102,-425.161436,1000
103,-366.994443,1000
104,-263.779613,652
105,-232.045921,1000
106,-119.899577,662
107,2.931637,154
108,-92.694874,1000
109,-12.727432,1000
110,70.090743,472
111,201.061554,788
112,397.900335,1000
113,94.497563,268
114,113.066875,1000
115,177.726599,593
116,96.453599,1000
117,167.541398,1000
118,308.505521,1000
119,211.13086,1000
120,237.607978,1000
121,-8.690977,644
122,137.224328,271
123,-30.911161,696
124,43.000548,124
125,2.990786,13
126,36.535516,24
127,61.048819,65
128,55.453605,92
129,39.630188,46
130,45.469557,79
131,-1.176789,28
132,340.601531,1000
133,121.089853,228
134,58.445515,95
135,3.395155,129
136,59.709704,107
137,93.292426,104
138,86.15508,117
139,85.502307,349
140,23.851713,99
141,282.091526,1000
142,44.881765,217
143,71.386531,84
144,207.303344,714
145,85.24158,1000
146,416.932784,562
147,225.901569,1000
148,422.389859,710
149,61.335226,128
150,61.212788,61
151,32.744079,34
152,11.007493,31
153,43.985603,35
154,17.677482,31
155,-8.043632,16
156,420.32799,544
157,57.193996,127
158,13.505562,15
159,312.19866,1000
160,235.935763,1000
161,383.042206,1000
162,33.689269,55
163,94.37231,146
164,305.559049,1000
165,339.599938,1000
166,322.545588,1000
167,122.507009,323
168,67.95233,108
169,542.493808,1000
170,194.582337,485
171,40.974596,83
172,447.080275,1000
173,83.690176,79
174,445.055035,1000
175,529.014384,1000
176,133.777714,378
177,159.403008,155
178,158.836832,189
179,111.413467,148
180,71.962973,65
181,180.097799,312
182,169.861261,215
183,461.202851,1000
184,119.778232,147
185,178.036868,315
186,206.638819,230
187,80.324202,88
188,358.840947,1000
189,32.475792,52
190,431.747413,1000
191,578.804431,1000
192,624.248785,1000
193,29.479966,29
194,428.079162,1000
195,114.734109,90
196,118.713945,140
197,69.954604,71
198,389.158686,404
199,6.443745,21
200,488.49254,1000
201,374.911989,472
202,203.427119,192
203,695.574598,1000
204,683.844304,1000
205,529.023717,1000
206,465.757236,462
207,13.108673,28
208,204.661651,216
209,199.316025,186
210,197.102908,254
211,855.192738,1000
212,807.771526,1000
213,1018.93303,1000
214,824.71279,721
215,155.587893,128
216,105.413946,76
217,613.597741,1000
218,612.518069,1000
219,31.103453,66
220,579.296959,1000
221,365.473616,394
222,294.634818,270
223,658.186817,1000
224,736.196492,640
225,1090.886249,1000
226,122.64602,93
227,629.941401,1000
228,58.336219,52
229,723.516114,1000
230,547.601739,1000
231,159.678361,209
232,758.311924,1000
233,755.237869,654
234,672.8468,1000
235,231.440945,164
236,621.906976,1000
237,350.201509,280
238,695.987956,1000
239,82.22081,125
240,545.630328,1000
241,167.78495,133
242,1071.416104,811
243,787.459759,557
244,251.403199,220
245,1088.953342,1000
246,546.515074,1000
247,189.437468,144
248,1178.183268,772
249,620.847766,1000
250,841.320432,1000
251,603.729921,1000
252,743.212105,1000
253,53.461372,39
254,95.226169,103
255,1059.042999,781
256,739.905564,1000
257,905.007708,1000
258,109.750393,109
259,238.787747,228
260,770.804543,1000
261,726.542492,1000
262,64.515653,53
263,34.034284,46
264,43.714197,38
265,557.177418,1000
266,947.313493,1000
267,347.833383,227
268,172.907675,94
269,133.69526,118
270,52.832711,54
271,433.043922,317
272,102.071712,78
273,651.877416,1000
274,670.613616,1000
275,462.863712,402
276,1111.23642,1000
277,225.69052,151
278,690.435486,1000
279,647.74734,1000
280,745.00029,1000
281,349.961253,222
282,56.159466,50
283,196.205271,156
284,822.472115,1000
285,618.537143,430
286,385.803223,255
287,345.179951,228
288,647.028147,1000
289,24.328,26
290,914.508195,1000
291,660.447058,1000
292,543.48033,1000
293,623.004701,1000
294,1401.446614,1000
295,797.642307,541
296,203.642896,142
297,126.266342,113
298,1479.595673,1000
299,540.247483,1000
300,666.784704,1000
301,175.245336,120
302,1010.047857,649
303,414.386327,312
304,1026.3686,690
305,140.102972,89
306,176.551863,133
307,795.852183,1000
308,858.908498,1000
309,789.663665,1000
310,1306.95065,1000
311,572.926401,424
312,1044.638855,623
313,377.089716,222
314,152.857245,132
315,622.930231,428
316,318.12171,191
317,1119.72683,686
318,1699.741488,1000
319,822.830782,527
320,654.907933,1000
321,926.227744,1000
322,494.794934,1000
323,1214.937125,1000
324,1816.325524,1000
325,1071.721082,1000
326,1121.311146,1000
327,765.670256,533
328,1081.298943,682
329,1215.246478,1000
330,1182.52725,1000
331,1050.205331,1000
332,1176.366966,1000
333,1087.266902,1000
334,659.772183,424
335,71.862021,61
336,118.111319,87
337,710.636084,1000
338,646.925706,362
339,59.919019,44
340,1775.004584,1000
341,289.599493,133
342,568.935777,1000
343,541.820328,332
344,692.415228,1000
345,197.697583,113
346,813.042646,1000
347,209.647857,146
348,1810.955678,1000
349,238.183212,152
350,406.592209,234
351,566.522368,267
352,91.036776,62
353,1198.232124,1000
354,650.400681,1000
355,685.001796,403
356,1324.061122,1000
357,649.089246,1000
358,853.798982,1000
359,65.653353,43
360,134.872405,82
361,38.498286,37
362,793.575167,1000
363,377.570534,193
364,63.018084,43
365,508.249331,307
366,1267.93128,647
367,577.638836,335
368,156.915466,120
369,1512.375006,1000
370,1419.854881,1000
371,567.190068,1000
372,747.700166,376
373,339.872578,178
374,528.272756,307
375,461.939858,243
376,1147.038445,601
377,302.18161,174
378,1786.814198,1000
379,1351.794519,1000
380,571.179865,1000
381,101.544487,68
382,189.097668,100
383,304.559151,156
384,1212.88291,1000
385,271.702874,156
386,686.175802,1000
387,1016.299712,1000
388,1322.702007,1000
389,1576.837715,1000
390,1842.81662,1000
391,1493.471676,1000
392,1381.852071,709
393,920.007203,512
394,1942.24018,1000
395,1876.302443,1000
396,1106.829516,1000
397,1287.200223,571
398,1235.655585,633
399,167.871167,102
400,108.448289,71
401,617.451886,1000
402,1020.089879,1000
403,1276.435989,1000
404,187.862256,93
405,692.57601,433
406,157.843701,88
407,412.661494,252
408,262.699642,136
409,1540.511255,679
410,536.352207,266
411,160.134839,85
412,410.908179,247
413,978.579311,1000
414,730.249928,317
415,344.946908,153
416,888.779387,439
417,582.132719,1000
418,2047.401735,1000
419,472.835905,238
420,1024.576549,1000
421,1980.252725,1000
422,0.76163,13
423,724.396098,357
424,294.621577,127
425,560.166848,254
426,2115.901419,1000
427,422.301237,203
428,1236.164229,1000
429,261.907787,123
430,1091.29253,1000
431,599.234729,1000
432,1369.748074,1000
433,2003.726336,1000
434,971.085049,1000
435,548.007591,268
436,161.586478,105
437,534.159291,264
438,42.83166,40
439,2058.742714,1000
440,1940.327122,1000
441,1599.807286,1000
442,475.836741,213
443,1630.286159,735
444,2231.594499,1000
445,1356.9282,1000
446,462.633611,283
447,1286.87939,630
448,6.85535,15
449,1121.62744,589
450,1275.00385,1000
451,695.504518,328
452,2032.770022,1000
453,670.219915,300
454,2378.162365,1000
455,208.332443,111
456,166.348157,87
457,1163.532738,528
458,1016.784145,1000
459,2154.950762,1000
460,86.763079,51
461,809.908953,1000
462,1519.62821,689
463,1132.356812,1000
464,740.636814,336
465,198.196766,107
466,352.651336,155
467,656.35872,1000
468,2245.085215,1000
469,142.060984,82
470,528.889,243
471,195.76962,122
472,2212.094011,1000
473,12.830512,11
474,72.404917,39
475,1586.457327,1000
476,419.77259,193
477,865.813456,1000
478,2511.235167,1000
479,2299.964952,1000
480,2287.659455,1000
481,44.414489,27
482,1277.163337,593
483,955.577262,421
484,422.144669,182
485,1698.406634,1000
486,914.563801,403
487,2438.185509,1000
488,437.944103,186
489,502.79897,245
490,547.971649,217
491,514.568955,1000
492,787.776665,334
493,2256.540547,1000
494,745.616183,1000
495,2213.169451,1000
496,2254.189516,1000
497,506.602646,283
498,279.23466,180
499,2127.050714,1000
500,1538.968822,1000
501,2489.47069,1000
502,1581.434322,1000
503,531.412557,1000
504,1346.515765,576
505,2481.387587,1000
506,487.200046,1000
507,2522.32078,1000
508,2440.783103,1000
509,974.231308,1000
510,1630.23894,1000
511,1141.65303,1000
512,1208.908869,505
513,2508.931416,1000
514,128.555277,62
515,241.273485,122
516,937.954048,1000
517,2355.25486,1000
518,2179.569789,919
519,733.443543,322
520,2454.704345,1000
521,43.799066,51
522,979.730493,1000
523,735.75613,302
524,383.592462,195
525,1069.150945,1000
526,2244.444742,1000
527,1888.004183,1000
528,824.90917,318
529,608.029044,1000
530,2502.014439,1000
531,1959.998813,831
532,1360.687982,541
533,1244.573937,1000
534,594.260297,1000
535,1295.644978,553
536,639.591169,1000
537,1268.974678,1000
538,209.659453,98
539,2456.261136,1000
540,862.827348,384
541,432.768481,165
542,2385.709524,1000
543,1226.050114,1000
544,2438.48726,1000
545,1774.762155,1000
546,2550.380614,1000
547,2302.9705,1000
548,688.325341,284
549,658.836001,280
550,343.936075,205
551,443.200485,209
552,1238.672581,510
553,657.189732,247
554,815.840126,1000
555,2719.501488,1000
556,1812.387999,730
557,2352.455588,960
558,14.886622,27
559,2457.698582,1000
560,2233.624472,935
561,2610.878592,1000
562,604.094822,247
563,2449.678553,1000
564,833.470814,302
565,2639.812216,1000
566,1911.683423,702
567,2735.598344,1000
568,2391.785057,1000
569,2670.664827,1000
570,2475.557897,1000
571,181.28402,80
572,27.314742,44
573,1402.585348,1000
574,144.763144,65
575,561.733978,209
576,2652.430754,1000
577,2566.789576,1000
578,297.491127,129
579,1078.616519,484
580,2712.26829,1000
581,530.390314,204
582,2573.087083,1000
583,2694.998875,1000
584,2479.538035,913
585,2773.218883,1000
586,1821.674141,674
587,1724.963561,1000
588,265.770289,120
589,1812.559419,691
590,335.83187,1000
591,1136.907554,446
592,703.367934,1000
593,2168.273409,1000
594,2132.339134,813
595,2532.499187,1000
596,742.442222,1000
597,1802.179015,1000
598,510.041242,250
599,2042.466846,740
600,2785.513773,1000
601,921.451585,1000
602,1138.971994,1000
603,269.631371,113
604,2485.494542,1000
605,2636.061976,1000
606,1938.529845,1000
607,2811.369479,1000
608,741.953027,285
609,2255.342137,1000
610,2883.43789,1000
611,228.015615,86
612,1991.122901,1000
613,1389.325544,493
614,2176.212497,1000
615,1379.299609,1000
616,2711.835653,1000
617,2657.539513,1000
618,2763.141691,1000
619,998.928564,1000
620,2483.854101,964
621,1567.728005,551
622,928.59209,383
623,168.835343,64
624,2.936191,11
625,1085.846604,1000
626,1086.391439,483
627,1137.117789,432
628,456.38645,177
629,2383.797908,1000
630,2934.406493,1000
631,313.814348,133
632,1185.22135,457
633,1063.981886,357
634,424.927217,157
635,898.989398,309
636,2817.648431,1000
637,2597.555447,1000
638,1633.799201,1000
639,2709.661333,1000
640,2766.24661,1000
641,575.616274,1000
642,2492.206812,919
643,2653.596384,1000
644,1021.679431,1000
645,2355.127046,833
646,1634.121239,1000
647,91.572636,59
648,2764.997115,1000
649,2925.439371,1000
650,2784.149755,1000
651,748.589751,294
652,1726.459272,1000
653,86.901849,45
654,1176.338495,426
655,2867.625982,1000
656,1486.44509,614
657,2836.293264,1000
658,2624.721035,1000
659,2824.158224,1000
660,1523.083822,529
661,2629.665614,1000
662,2926.43376,1000
663,2756.158067,1000
664,1498.781411,564
665,2885.42452,1000
666,480.04409,203
667,2945.082193,1000
668,905.370257,306
669,2829.679636,1000
670,2806.178087,1000
671,2654.13129,1000
672,2854.885172,1000
673,3041.722461,1000
674,395.152757,166
675,1293.471714,1000
676,885.351309,342
677,269.796242,106
678,2531.834198,1000
679,2933.435977,1000
680,314.319807,1000
681,1516.516223,526
682,288.874587,131
683,696.617389,255
684,1855.263246,661
685,1621.949625,566
686,2047.922059,1000
687,651.263255,280
688,1572.975391,574
689,1251.450294,398
690,2836.253513,1000
691,1326.167468,1000
692,2890.413214,1000
693,2101.434742,712
694,1006.135171,371
695,967.511467,1000
696,1146.368447,406
697,2874.673101,1000
698,2781.928249,922
699,1711.228134,1000
700,2166.779509,718
701,508.155693,198
702,652.014275,219
703,201.990114,101
704,2000.325169,751
705,3044.36247,1000
706,1856.06571,653
707,2805.988225,1000
708,569.114107,1000
709,2744.082882,1000
710,2137.522852,715
711,2676.513763,962
712,1665.270919,554
713,2431.653478,1000
714,2888.895177,1000
715,3127.422374,1000
716,1606.864718,511
717,2473.079248,874
718,3199.143998,1000
719,94.156583,40
720,2931.704016,1000
721,2807.718856,1000
722,3119.313923,1000
723,3104.438566,1000
724,1231.008493,1000
725,112.484405,55
726,2812.086047,1000
727,739.542691,263
728,1770.230155,587
729,925.138947,1000
730,3058.357652,1000
731,724.303798,1000
732,2705.251289,974
733,1209.524994,1000
734,247.284042,97
735,739.157663,1000
736,332.010179,132
737,2761.345092,1000
738,2480.255724,1000
739,3122.388693,1000
740,534.518202,205
741,2539.485323,855
742,2059.598641,649
743,1021.855796,1000
744,176.450368,65
745,416.126204,155
746,234.82095,87
747,1769.732222,1000
748,2667.017855,1000
749,1109.524532,411
750,2613.299931,1000
751,2939.805873,1000
752,3155.798557,1000
753,2904.715117,1000
754,86.161941,46
755,639.045795,1000
756,1322.950316,423
757,958.341707,336
758,2955.024522,1000
759,3174.775094,1000
760,254.528223,1000
761,1591.473156,522
762,3123.549502,1000
763,25.687494,22
764,940.511094,366
765,3126.26846,1000
766,931.378634,1000
767,2901.213728,1000
768,1670.465666,570
769,560.368248,191
770,115.786063,45
771,3058.099637,1000
772,113.516779,49
773,2901.128854,1000
774,2924.953221,1000
775,488.217211,1000
776,2934.133671,1000
777,662.567608,196
778,1816.851484,646
779,3171.952944,1000
780,2138.268297,688
781,698.621286,286
782,3191.32487,1000
783,1570.708025,1000
784,1471.789493,516
785,2495.861848,802
786,2741.840577,1000
787,2907.149492,1000
788,3085.860617,1000
789,1076.641907,404
790,518.46687,186
791,239.39714,95
792,515.363678,1000
793,1786.690588,1000
794,732.41131,288
795,2927.658304,1000
796,800.837635,281
797,180.523847,58
798,955.093848,331
799,41.226109,28
800,1120.686194,417
801,450.322047,156
802,136.186086,71
803,2045.11965,639
804,3047.09665,1000
805,447.26307,164
806,194.078724,73
807,3256.463567,1000
808,2738.088773,1000
809,1417.029014,529
810,2224.600298,1000
811,3029.225648,1000
812,1409.730374,473
813,3077.036442,1000
814,1212.400329,393
815,557.468986,1000
816,3028.586128,1000
817,2385.077518,784
818,612.484495,254
819,2951.758619,1000
820,3150.637525,1000
821,1294.163818,466
822,2824.516026,1000
823,3067.788417,1000
824,3194.568752,1000
825,2879.848624,1000
826,3109.872805,1000
827,408.487066,136
828,1690.583078,1000
829,1685.941517,501
830,267.663484,97
831,3307.10954,1000
832,2094.356689,1000
833,3280.910015,1000
834,1059.298825,369
835,2201.343277,771
836,3127.633602,1000
837,2897.618226,1000
838,2824.904088,809
839,3105.750362,1000
840,3301.749608,1000
841,3226.527086,1000
842,1133.060942,1000
843,636.264377,203
844,368.939102,119
845,1348.285142,1000
846,1741.649139,579
847,915.862373,319
848,1163.733482,351
849,3366.133897,1000
850,400.833054,127
851,481.510802,153
852,489.840242,181
853,3540.904004,1000
854,3164.876082,1000
855,3434.925658,1000
856,3032.565245,1000
857,847.679214,253
858,7.695382,12
859,3301.563991,1000
860,3132.863319,1000
861,2999.508472,1000
862,3333.267629,1000
863,681.710584,1000
864,1360.336998,416
865,465.760789,1000
866,789.269943,240
867,3462.319882,1000
868,2653.721791,1000
869,1473.789125,464
870,3091.364653,1000
871,1633.185359,518
872,494.72568,142
873,3252.935106,1000
874,1379.542647,452
875,1199.422234,388
876,229.266578,75
877,1781.602233,551
878,3199.827546,1000
879,3110.970505,1000
880,3102.650167,1000
881,3554.200282,1000
882,117.965686,45
883,681.700633,204
884,3562.94115,1000
885,2878.197663,1000
886,2146.36869,1000
887,3293.072867,1000
888,3348.093784,1000
889,2305.198956,1000
890,3305.847388,1000
891,2559.29602,787
892,563.601686,1000
893,263.769756,91
894,3555.274535,1000
895,449.255952,1000
896,40.092221,23
897,63.876756,30
898,3330.956583,1000
899,750.361606,222
900,3260.166454,981
901,206.690831,97
902,0.186151,11
903,3340.315398,1000
904,2183.218828,1000
905,1638.11401,566
906,2720.276377,772
907,3419.879503,1000
908,3365.621715,1000
909,2139.863001,613
910,1059.164575,355
911,2616.303237,773
912,2783.405807,1000
913,3463.531506,1000
914,3757.854378,1000
915,1442.135442,394
916,3330.50624,1000
917,1280.792171,397
918,554.99564,162
919,3605.569824,1000
920,3275.078173,1000
921,1502.246678,437
922,1655.7754,538
923,3292.364355,1000
924,3502.130759,1000
925,3484.895488,1000
926,3587.705055,1000
927,3390.055896,1000
928,41.959978,32
929,2800.866831,1000
930,1910.396476,572
931,1052.317977,1000
932,2969.394592,1000
933,825.626029,264
934,1857.006181,577
935,3495.531736,1000
936,2210.066121,1000
937,958.420895,307
938,3489.370601,1000
939,837.757591,1000
940,924.07671,1000
941,1814.096249,550
942,842.415046,255
943,987.228817,323
944,2903.468253,1000
945,595.527991,182
946,3778.523559,1000
947,3397.224947,1000
948,3665.728687,1000
949,3503.707837,1000
950,1231.512299,1000
951,3339.938641,1000
952,1996.834606,548
953,3620.019242,1000
954,3847.85393,1000
955,2720.917904,1000
956,3357.853862,946
957,3388.54507,1000
958,733.250372,221
959,3874.382089,1000
960,3734.846031,1000
961,3254.869078,1000
962,2106.051567,609
963,3517.691334,1000
964,3776.632897,1000
965,2097.692456,611
966,3511.148019,1000
967,2716.167724,1000
968,2960.870797,785
969,3699.727753,1000
970,3538.662021,1000
971,3052.395023,872
972,1090.932866,314
973,3228.656114,892
974,1169.290018,327
975,3627.782451,1000
976,3609.128227,1000
977,3530.682651,1000
978,1322.397892,1000
979,3255.614107,923
980,3699.945093,1000
981,694.691068,1000
982,3160.861074,910
983,3781.002615,1000
984,3756.539191,1000
985,2497.424564,659
986,3484.309156,1000
987,1296.036747,374
988,3749.010673,1000
989,3096.222698,896
990,2225.337447,554
991,3729.275022,1000
992,1644.138205,450
993,284.395803,109
994,3701.427617,1000
995,36.070667,20
996,3827.184433,1000
997,3862.722869,1000
998,605.620222,185
999,3837.86668,1000
1000,2872.181636,768
1001,3654.360652,1000
1002,3934.676109,1000
1003,3789.364119,1000
1004,3748.564569,1000
1005,3647.301299,1000
1006,3568.887409,1000
1007,1213.728721,1000
1008,1314.516897,1000
1009,1752.127246,437
1010,1213.777079,383
1011,3468.790227,958
1012,214.204555,68
1013,2588.199809,709
1014,3667.326887,1000
1015,2994.894754,720
1016,3800.005936,1000
1017,3602.438642,1000
1018,3893.032163,1000
1019,2900.89225,805
1020,3851.795706,1000
1021,1062.63058,278
1022,1652.133625,428
1023,1489.076395,1000
1024,3881.388587,1000
1025,1692.458334,490
1026,496.881003,1000
1027,823.113646,229
1028,661.845187,203
1029,635.509558,169
1030,342.58026,1000
1031,3899.097781,1000
1032,3150.554981,781
1033,4367.578589,1000
1034,3930.205241,1000
1035,720.096174,1000
1036,4021.074706,1000
1037,3672.689707,1000
1038,1908.688007,441
1039,4064.300637,1000
1040,4227.957375,1000
1041,1776.551326,435
1042,4021.32697,1000
1043,3881.912822,966
1044,1929.487754,551
1045,1166.111141,307
1046,3777.896579,1000
1047,104.20475,45
1048,3666.202635,1000
1049,3761.584732,1000
1050,4032.838892,1000
1051,3796.622593,1000
1052,3690.114337,1000
1053,3920.876141,1000
1054,14.931807,14
1055,4539.48806,1000
1056,2257.239875,1000
1057,1901.659506,1000
1058,465.106342,137
1059,2074.715051,1000
1060,3963.884254,1000
1061,2277.781107,589
1062,1786.904942,462
1063,3705.083899,1000
1064,3681.657711,1000
1065,4118.954646,1000
1066,1737.776115,1000
1067,4227.484754,1000
1068,1603.703286,1000
1069,4287.799846,1000
1070,3715.367365,1000
1071,2126.079578,1000
1072,4029.704969,1000
1073,2363.781793,1000
1074,2439.208998,602
1075,4101.511657,1000
1076,1510.345257,393
1077,4134.408441,1000
1078,4394.065668,1000
1079,4170.991959,1000
1080,3703.22827,1000
1081,2821.643919,688
1082,1126.601497,327
1083,1338.112112,310
1084,4183.646596,1000
1085,3792.199584,1000
1086,3904.085293,1000
1087,2869.577564,1000
1088,4082.016195,1000
1089,3823.970856,1000
1090,177.141605,66
1091,424.747886,137
1092,2959.549067,731
1093,4052.884679,1000
1094,3895.977011,1000
1095,1755.198306,469
1096,4226.10209,1000
1097,3982.319407,1000
1098,4131.967826,1000
1099,3931.995435,1000
1100,3912.420666,1000
1101,4389.152257,1000
1102,4122.993141,1000
1103,3852.316918,1000
1104,2543.090378,616
1105,577.341174,166
1106,4061.984291,1000
1107,4126.617145,1000
1108,4040.098381,1000
1109,2662.316479,677
1110,3692.04381,962
1111,866.395009,259
1112,4115.444457,1000
1113,3703.140879,1000
1114,3902.330862,1000
1115,4169.710457,1000
1116,4041.551239,1000
1117,1597.92646,1000
1118,1982.596345,468
1119,4145.002184,1000
1120,3571.549598,952
1121,1740.703822,447
1122,3349.496694,831
1123,1038.774181,295
1124,1289.723025,335
1125,1391.13926,338
1126,1654.617707,378
1127,4229.091281,1000
1128,1499.323273,378
1129,4044.531082,1000
1130,4226.048586,1000
1131,4385.761106,1000
1132,457.072766,1000
1133,1451.764023,1000
1134,4182.615751,1000
1135,1288.339658,321
1136,4006.692037,1000
1137,4334.302431,1000
1138,4033.289364,1000
1139,4218.746416,1000
1140,1406.985173,410
1141,4305.083126,1000
1142,4135.967567,1000
1143,4217.120979,1000
1144,1038.111604,286
1145,762.679637,195
1146,29.308949,22
1147,4014.565249,1000
1148,1612.157696,1000
1149,4056.007005,1000
1150,461.905282,129
1151,4037.249764,1000
1152,4041.298648,1000
1153,4177.44183,1000
1154,4183.008747,1000
1155,3880.159489,881
1156,4455.794533,1000
1157,4076.132677,1000
1158,2165.121818,518
1159,3117.673531,714
1160,4222.462677,1000
1161,1798.815032,447
1162,4383.980696,1000
1163,4276.487386,1000
1164,1754.139917,1000
1165,4546.295163,1000
1166,4039.102541,1000
1167,3200.042842,732
1168,4422.606608,1000
1169,4124.430741,1000
1170,4287.713752,1000
1171,1176.623989,269
1172,4054.060369,1000
1173,4331.401243,1000
1174,2914.276686,1000
1175,4423.595164,1000
1176,4226.270093,1000
1177,4401.074585,1000
1178,3930.101109,1000
1179,778.912656,199
1180,4135.213895,1000
1181,3966.030604,1000
1182,4007.669642,1000
1183,4173.421797,1000
1184,4279.245819,1000
1185,4378.523544,1000
1186,3178.665907,787
1187,4006.925396,1000
1188,2788.939257,686
1189,1920.852315,455
1190,3921.233234,1000
1191,4234.014299,1000
1192,2348.002494,503
1193,4167.352489,1000
1194,4493.846142,1000
1195,3886.59184,1000
1196,4086.019933,1000
1197,4088.867368,1000
1198,4241.464712,1000
1199,932.187337,220
1200,4258.686395,1000
1201,4442.715402,1000
1202,4228.937212,1000
1203,4387.597691,1000
1204,4650.790423,1000
1205,4129.861828,1000
1206,1999.55416,478
1207,4014.12905,1000
1208,4178.686148,1000
1209,3832.948562,1000
1210,4375.748658,1000
1211,1996.973509,478
1212,3208.515337,774
1213,4423.329567,1000
1214,4486.078849,1000
1215,1153.10847,304
1216,4247.378452,1000
1217,1722.769625,1000
1218,708.861699,221
1219,4475.997508,1000
1220,1053.0184,271
1221,2593.665339,625
1222,2999.111953,729
1223,4678.799394,1000
1224,4388.196691,1000
1225,4042.812714,1000
1226,4522.807495,1000
1227,2451.880362,1000
1228,17.606847,19
1229,4266.421501,1000
1230,4583.122008,1000
1231,3531.742531,1000
1232,4354.163426,1000
1233,4284.183722,1000
1234,2146.965832,545
1235,1168.404893,1000
1236,4184.964397,1000
1237,4394.669498,1000
1238,4092.738347,1000
1239,4557.453413,1000
1240,394.021564,111
1241,4651.008703,1000
1242,4777.999477,1000
1243,189.873731,74
1244,4366.633503,1000
1245,4669.133608,1000
1246,4497.81032,1000
1247,4346.759853,1000
1248,4265.313756,1000
1249,4352.004497,1000
1250,4269.766506,1000
1251,3404.071192,1000
1252,4295.124289,1000
1253,1536.512225,409
1254,4456.731962,1000
1255,2321.419163,1000
1256,3248.465456,761
1257,517.332239,1000
1258,4385.252197,1000
1259,4559.81451,1000
1260,47.726518,36
1261,4234.888576,1000
1262,474.91526,132
1263,832.063764,230
1264,4343.064639,1000
1265,4476.940256,1000
1266,4271.322572,1000
1267,3158.832264,1000
1268,4265.227214,1000
1269,2675.157976,580
1270,4593.287585,1000
1271,2715.157121,609
1272,426.056726,122
1273,2723.457954,1000
1274,4003.396038,1000
1275,4397.079332,1000
1276,4557.363664,1000
1277,4666.364234,1000
1278,4428.486621,1000
1279,4227.766014,1000
1280,4299.947379,1000
1281,4399.585361,1000
1282,4329.799777,1000
1283,4379.917324,1000
1284,4286.461372,1000
1285,4254.573438,1000
1286,4376.023742,1000
1287,4376.542042,1000
1288,4476.615674,1000
1289,4416.281318,1000
1290,905.528639,241
1291,109.397994,45
1292,506.49739,116
1293,4521.813095,1000
1294,3343.389026,773
1295,4394.499424,1000
1296,4310.139098,1000
1297,2682.191314,646
1298,4212.169147,963
1299,4348.10057,1000
1300,4162.968407,1000
1301,4607.521304,1000
1302,3975.858234,945
1303,3736.381095,852
1304,986.23695,261
1305,4581.013616,1000
1306,4407.005028,1000
1307,4335.763344,1000
1308,4440.180049,1000
1309,4372.176426,1000
1310,1479.892807,324
1311,4504.517624,1000
1312,2950.502906,739
1313,4440.259206,1000
1314,4506.979027,1000
1315,3609.22549,808
1316,4490.782461,988
1317,3414.47849,744
1318,4140.32473,1000
1319,4575.485485,1000
1320,4439.379272,1000
1321,4395.962535,1000
1322,4659.762472,1000
1323,3370.985189,1000
1324,4566.255811,1000
1325,4060.66888,1000
1326,4673.363054,1000
1327,587.128268,168
1328,4567.476515,1000
1329,334.731433,88
1330,4571.559603,1000
1331,4427.962102,1000
1332,4726.207158,1000
1333,4705.798961,1000
1334,4516.887656,1000
1335,4476.776455,1000
1336,3510.944088,817
1337,3617.710885,1000
1338,4613.802227,1000
1339,4606.545301,1000
1340,4409.948097,1000
1341,4606.015873,1000
1342,4316.44706,1000
1343,4214.302538,901
1344,4538.176868,1000
1345,827.798074,184
1346,4544.31173,1000
1347,4479.804095,1000
1348,1982.992832,447
1349,4326.285007,1000
1350,4465.435037,1000
1351,4638.978533,1000
1352,4723.240437,1000
1353,4560.425798,1000
1354,4589.046325,1000
1355,4478.859964,1000
1356,4854.960456,1000
1357,4683.611824,1000
1358,4536.279502,1000
1359,4521.654618,1000
1360,2090.91623,1000
1361,4650.998556,1000
1362,4367.048822,1000
1363,4656.729011,1000
1364,4530.316923,1000
1365,4675.827807,1000
1366,4502.080052,1000
1367,1451.494086,318
1368,3932.425853,910
1369,4860.856081,1000
1370,1288.509428,277
1371,4752.650884,1000
1372,4558.914022,1000
1373,4681.470722,1000
1374,4664.455528,1000
1375,4704.893896,1000
1376,4914.6832,1000
1377,4549.89161,1000
1378,4600.400684,1000
1379,4639.257389,1000
1380,4364.994962,1000
1381,4454.114488,1000
1382,4502.403896,1000
1383,4633.923407,1000
1384,1895.868785,429
1385,4234.919195,1000
1386,2483.758793,1000
1387,2163.455064,459
1388,4072.751795,1000
1389,4891.861371,1000
1390,4224.109171,1000
1391,4800.897661,1000
1392,4667.174048,1000
1393,4748.129482,1000
1394,4474.1666,1000
1395,4713.738338,1000
1396,4560.38213,1000
1397,4645.417734,1000
1398,4818.601518,1000
1399,4445.107118,1000
1400,4485.518771,1000
1401,1348.114993,283
1402,4721.935387,1000
1403,4769.592476,1000
1404,4498.680689,1000
1405,4755.74442,1000
1406,3918.951562,858
1407,3471.964653,766
1408,24.038971,23
1409,4620.726386,1000
1410,4763.289053,1000
1411,90.304718,35
1412,4816.637157,1000
1413,587.045752,152
1414,4690.260555,1000
1415,4658.689165,1000
1416,4607.715338,1000
1417,4639.207607,1000
1418,4409.079143,1000
1419,4619.127424,1000
1420,138.984427,49
1421,4833.354174,1000
1422,4925.743389,1000
1423,4775.415101,1000
1424,4363.827119,1000
1425,4706.616636,1000
1426,4577.312039,1000
1427,4671.491631,1000
1428,4050.170519,854
1429,2919.137389,1000
1430,2374.288976,529
1431,4567.515735,1000
1432,4649.049013,1000
1433,1764.493539,397
1434,4840.959581,1000
1435,2698.40176,556
1436,4810.001336,1000
1437,4495.372894,1000
1438,4692.038259,1000
1439,4467.106631,1000
1440,4622.47435,1000
1441,4800.245824,1000
1442,5020.517412,1000
1443,4380.422649,1000
1444,4403.022027,1000
1445,4722.094987,1000
1446,4840.107721,1000
1447,4709.614319,1000
1448,4602.532394,1000
1449,4501.289823,1000
1450,4736.724294,1000
1451,4770.477135,1000
1452,4585.338613,1000
1453,4670.192564,1000
1454,4901.299243,1000
1455,4695.120277,1000
1456,4817.339815,1000
1457,4304.563443,935
1458,4720.910522,1000
1459,4665.724097,1000
